Suppose n be number of people,
then probability of two people having same birthday is calculated by formula :

(365!)/((365-n)!*(365^n))

Probability that 2 people have same birthday using general formula for following number of people : 

No. of people                Probability
   3                          0.008204162
   9                          0.094623804
   14                         0.22310251
   18                         0.34691143
   23                         0.5072972
   35                         0.8143832
   47                         0.9547744
   55                         0.98626226
   70                         0.9991596
   82                         0.99994797
   100                        0.9999997
   150                        1.0
__________________________________________________________________________

Enter any key and press enter key to see result by random experimemts
__________________________________________________________________________
The following experiment is carried carried on following sample points:
3,9,14,18,23,35,47,55,70,82,100
Experiment is carried out 50 times to take average.


47  3  307  70  146  280  248  154  151  308  163  120  247  237  191  326  271  39  251  56  345  262  30  219  198  288  304  24  23  79  275  122  64  237  45  183  80  99  354  9  305  86  227  213  294  135  217  16  90  2  348  115  329  235  170  158  16  254  264  325  323  265  148  84  32  168  194  309  9  117  120  81  30  157  324  42  19  279  114  302  67  255  171  74  15  78  272  361  200  329  179  23  56  91  329  73  349  316  57  141 
 12  362  212  24  360  16  158  135  323  30  238  35  130  242  234  73  217  26  223  188  155  300  219  287  140  30  206  131  354  362  115  191  303  296  65  53  254  216  156  25  102  72  185  308  59  242  349  162  2  132  300  361  3  282  7  353  213  226  271  36  263  239  210  275  130  249  135  290  108  109  135  313  1  127  72  98  195  144  227  109  189  100  358  359  308  146  58  171  54  247  330  275  283  233  2  266  43  12  232  222 
 245  59  233  76  46  34  65  28  45  128  165  19  3  302  218  288  68  143  31  235  10  41  362  193  174  65  253  222  236  83  122  58  228  103  124  201  298  198  14  8  265  348  365  318  35  331  135  280  270  144  347  38  41  241  15  251  1  269  187  229  80  87  233  1  98  152  133  247  132  303  264  263  358  344  348  7  169  200  269  356  245  85  263  269  329  13  11  351  248  360  45  343  303  200  254  332  230  293  264  141 
 161  307  6  255  108  365  281  113  168  170  241  7  306  120  35  357  145  104  358  88  199  30  91  255  143  114  19  131  193  84  43  138  244  67  100  253  12  228  205  299  342  313  249  67  109  150  270  119  96  138  120  181  53  57  65  140  80  281  116  99  254  127  283  147  131  147  147  72  345  99  86  303  125  156  78  282  21  163  256  46  81  24  188  348  221  29  195  143  265  332  32  1  55  87  184  237  203  173  36  101 
 313  266  322  21  20  245  27  275  20  307  50  211  261  354  311  191  344  169  102  317  149  137  39  213  301  87  15  145  119  185  115  222  222  270  150  35  361  153  105  217  154  317  93  5  293  342  229  174  222  331  363  286  17  229  253  74  154  362  223  331  96  267  3  289  82  328  161  48  151  226  50  143  356  139  185  150  116  230  166  137  114  190  135  100  68  131  149  349  203  287  276  209  104  261  42  325  133  278  157  327 
 24  136  161  85  351  269  16  63  98  144  328  88  31  242  358  82  304  55  354  303  39  39  153  113  239  307  283  88  365  88  28  322  173  80  41  298  21  2  155  51  179  121  110  361  209  349  112  35  161  141  156  343  314  168  94  74  95  11  301  185  127  85  346  289  206  246  342  109  225  145  201  317  203  245  335  37  221  195  355  5  41  151  211  8  132  158  79  148  52  259  190  355  20  177  133  92  177  7  232  155 
 61  349  321  53  335  129  95  202  5  201  103  35  24  347  230  62  19  8  137  102  99  17  190  36  234  274  200  282  259  120  53  325  55  190  316  277  118  322  253  364  245  343  354  14  134  275  49  302  233  70  363  292  212  152  47  120  62  50  365  346  136  280  61  345  342  326  243  190  169  158  115  63  298  148  80  348  317  191  53  10  256  255  315  67  87  44  275  48  71  280  55  335  314  41  351  100  19  107  32  197 
 315  67  15  222  224  254  336  161  163  25  232  320  216  56  313  293  66  136  241  114  342  232  85  30  240  203  141  34  251  19  290  268  22  340  357  190  348  33  68  340  170  262  64  109  192  124  286  118  324  185  344  203  266  273  155  18  156  265  73  193  160  200  271  222  361  339  4  5  189  61  41  97  174  357  308  7  359  285  158  34  151  171  274  85  248  185  89  310  131  359  217  82  115  149  327  100  233  360  248  180 
 34  294  289  193  75  161  147  298  113  205  338  292  240  192  287  167  231  119  65  142  277  349  2  74  355  342  61  263  350  300  101  127  44  157  212  46  274  352  259  364  218  141  99  132  331  90  6  136  123  192  211  59  327  116  49  363  79  300  229  119  5  241  71  319  188  196  221  47  23  19  144  51  293  332  75  25  220  263  245  263  323  166  286  76  27  303  96  357  275  26  345  234  138  29  201  165  261  154  192  310 
 238  199  282  33  46  106  93  359  135  15  169  231  143  318  193  117  365  230  286  7  65  75  32  147  291  41  12  356  1  77  202  245  202  188  4  70  230  7  27  214  111  4  27  250  345  209  207  183  127  280  364  115  86  254  103  294  35  213  364  194  21  35  257  51  201  156  204  284  38  356  4  243  177  52  325  72  280  100  205  243  226  358  60  191  109  244  75  8  114  268  309  115  278  310  118  107  230  203  293  335 
 72  278  339  171  282  311  356  288  244  273  83  225  82  273  287  42  48  304  159  355  46  14  227  299  99  213  307  87  260  237  1  144  287  92  110  36  299  348  111  67  265  69  259  85  300  203  57  365  321  250  58  128  178  120  312  92  116  268  286  363  218  302  159  348  218  152  187  55  131  138  92  90  78  311  85  343  337  165  56  138  115  345  41  324  199  46  250  81  279  127  15  208  75  276  307  286  28  145  163  227 
 267  53  114  111  290  341  357  150  259  300  107  316  124  89  286  319  281  91  80  240  156  201  137  107  6  19  27  98  188  295  115  15  240  213  35  250  345  255  85  193  54  156  365  312  267  29  318  339  144  241  44  359  46  124  68  148  295  344  11  350  153  118  264  320  100  296  198  191  237  313  279  217  114  254  63  45  47  365  354  10  11  205  175  205  361  202  191  321  222  68  295  302  49  174  365  65  148  165  152  296 
 121  75  171  285  360  91  357  258  109  17  195  280  218  274  334  125  10  57  127  188  333  79  51  275  261  270  281  170  37  227  13  257  14  179  91  308  184  254  318  3  225  162  27  322  170  76  343  297  340  263  17  98  58  209  16  91  18  303  287  323  148  49  90  24  318  202  60  31  302  242  337  59  300  201  218  9  313  347  200  63  51  70  70  302  157  200  279  174  82  105  364  218  141  361  242  100  248  256  295  200 
 331  32  123  236  4  17  117  285  186  52  32  272  52  329  204  169  158  39  336  167  58  106  319  156  152  32  53  100  359  125  347  176  93  274  92  59  325  134  226  341  208  154  133  243  15  293  141  32  255  13  341  213  171  263  360  276  258  78  194  321  62  314  155  22  291  21  291  264  96  152  80  365  272  187  362  296  132  362  322  222  26  137  258  125  214  173  305  244  25  91  224  115  335  272  95  116  350  30  133  14 
 288  177  238  360  262  28  1  352  40  165  1  183  144  20  190  114  51  15  332  129  352  237  140  14  324  359  30  138  3  311  64  43  354  169  349  151  289  292  259  94  31  25  162  236  184  301  81  148  209  117  12  267  279  62  180  279  241  244  269  328  236  321  20  53  147  98  229  215  289  274  292  303  161  320  338  149  155  151  230  128  5  246  336  138  106  308  1  291  332  328  68  286  308  346  179  212  102  200  297  48 
 84  356  256  283  177  207  251  355  311  337  81  159  145  97  8  235  215  72  133  204  309  328  235  53  343  58  334  195  47  224  282  266  252  127  68  108  274  87  95  339  311  187  11  180  307  223  209  24  348  264  232  145  328  146  350  185  356  73  95  138  295  234  206  64  183  244  82  56  109  150  174  35  306  108  301  54  98  145  346  2  77  222  356  235  239  99  96  96  106  329  271  220  281  39  4  228  227  2  36  119 
 103  101  268  226  287  184  195  108  99  206  79  198  93  260  137  332  12  146  310  139  130  1  334  346  195  175  324  45  296  111  274  344  273  73  186  105  252  329  331  310  89  220  354  231  293  286  230  234  265  298  114  136  320  74  347  273  165  63  138  138  7  86  143  169  259  174  41  47  106  161  157  265  272  50  149  177  163  338  213  334  324  31  343  180  44  160  72  205  257  263  281  281  16  104  131  37  160  124  261  88 
 14  66  186  32  47  268  238  83  337  126  218  182  22  336  125  72  190  155  352  10  194  87  151  233  159  38  84  182  17  78  217  315  111  160  317  302  148  354  119  286  232  109  107  53  133  30  128  312  183  162  208  357  274  36  334  286  238  43  59  240  99  78  242  267  309  77  89  115  139  276  138  11  162  121  190  54  339  177  53  254  214  134  232  297  179  323  214  92  168  132  187  42  203  332  80  231  193  302  101  137 
 3  326  59  68  250  275  222  52  212  220  238  13  263  350  229  37  70  213  54  129  214  216  252  134  125  119  354  98  104  316  257  197  8  331  275  169  165  126  301  58  283  27  62  263  323  146  237  165  311  5  248  337  227  227  96  201  236  73  103  113  125  113  279  193  298  35  194  351  45  130  45  335  286  221  96  307  332  31  180  229  193  195  298  314  66  339  114  134  311  175  258  274  245  353  317  360  199  314  3  295 
 53  258  44  143  46  29  331  252  215  236  337  333  30  359  76  318  108  183  16  94  288  30  268  177  260  44  193  177  190  97  325  205  19  172  116  221  93  348  315  352  2  90  84  262  62  314  76  191  27  341  233  303  7  330  295  48  126  163  186  272  297  317  151  309  275  222  221  245  181  318  117  83  49  42  7  166  183  286  303  176  220  287  133  199  152  25  215  47  34  64  96  52  50  279  337  96  19  336  353  43 
 80  206  288  228  243  123  92  234  118  62  347  21  38  59  338  229  353  159  170  22  218  183  215  158  354  339  250  189  157  105  176  153  106  350  85  302  44  320  199  99  67  68  272  351  120  212  29  92  304  128  118  88  120  87  205  276  335  280  354  305  29  49  199  295  271  209  167  92  61  321  262  158  331  341  150  121  80  22  176  355  240  241  201  200  206  270  249  312  127  343  138  214  63  58  129  119  263  50  273  186 
 83  73  209  58  316  327  35  2  297  173  292  144  45  348  110  186  211  22  117  215  92  156  151  72  144  112  233  45  238  177  277  43  115  70  348  202  167  231  43  10  142  51  27  36  280  28  4  229  50  131  134  237  136  310  113  103  263  361  233  2  255  242  236  170  43  267  11  58  314  261  143  161  320  249  112  300  16  324  57  354  72  204  57  208  210  11  36  22  162  206  125  91  155  121  169  4  128  192  308  202 
 12  337  55  105  184  44  123  324  227  91  101  364  319  100  234  346  171  299  347  355  167  18  352  234  274  140  289  269  123  229  39  84  347  253  325  325  259  81  343  319  348  111  80  238  241  349  293  347  101  55  267  219  284  39  247  287  41  302  231  319  312  87  89  258  43  290  205  137  103  34  65  200  30  351  245  251  326  110  118  15  351  137  308  292  120  94  216  240  337  335  199  309  83  266  248  324  110  104  11  157 
 286  16  6  15  255  242  331  92  170  342  188  354  220  296  105  38  351  135  361  144  86  194  10  177  241  343  142  251  196  258  281  124  67  245  65  97  166  139  297  262  289  108  170  7  365  209  365  132  271  131  293  133  251  292  59  174  305  258  254  321  135  188  299  87  280  78  88  223  192  320  52  281  11  297  176  178  206  230  154  231  172  68  128  164  252  362  184  31  274  239  110  81  129  283  355  239  109  55  2  312 
 150  74  11  270  198  114  273  160  159  50  116  125  171  23  117  225  310  233  76  38  295  83  216  299  293  42  89  94  151  19  36  124  365  171  275  67  224  248  87  245  310  361  316  244  220  341  360  256  241  334  157  22  60  355  66  268  285  329  202  325  101  244  300  151  320  301  274  260  151  280  328  356  277  233  354  70  205  74  258  172  161  99  349  247  113  34  255  314  128  255  249  308  177  106  98  34  324  268  320  33 
 77  204  19  227  261  65  308  286  141  255  237  339  189  113  33  212  334  77  306  8  30  345  175  133  80  127  248  363  344  174  338  199  311  213  31  32  359  232  303  277  91  329  282  310  238  336  291  94  337  154  237  127  283  332  111  160  237  90  13  187  30  327  137  135  169  209  127  20  332  204  175  102  176  154  21  219  268  239  31  96  322  206  28  324  176  319  264  291  214  172  341  88  285  149  155  275  153  133  124  239 
 203  303  316  355  310  261  361  66  260  130  236  248  202  284  281  172  271  212  173  74  140  346  250  242  184  93  86  309  205  29  40  345  206  265  67  314  32  24  103  192  286  16  272  301  266  98  41  300  29  336  238  352  37  227  241  21  195  6  165  45  244  192  344  239  101  88  201  174  245  293  320  23  298  15  128  77  124  129  188  337  273  322  62  255  326  118  334  255  2  129  353  341  58  312  100  65  41  237  33  102 
 311  281  57  187  18  130  194  273  290  272  354  233  268  270  164  132  244  310  13  95  87  8  342  132  27  175  311  294  68  122  97  108  339  24  159  340  5  111  32  76  205  36  308  203  1  179  137  189  365  121  90  188  101  45  11  108  100  84  59  80  67  306  160  1  283  364  250  8  266  145  163  338  7  283  331  49  362  205  184  312  98  298  281  87  262  224  350  277  336  280  33  83  177  73  259  179  231  117  193  252 
 46  172  287  279  197  328  235  13  131  269  183  350  25  48  154  147  276  19  81  184  68  89  312  277  192  183  360  310  44  256  165  304  271  23  160  116  306  232  290  278  358  130  307  123  316  353  179  218  182  224  49  305  81  82  59  35  158  255  112  298  189  163  112  145  238  17  188  137  200  265  50  183  74  277  281  248  327  87  298  258  193  122  32  254  134  301  230  137  325  253  153  245  112  173  8  249  235  183  294  226 
 31  99  199  95  118  357  181  142  116  246  61  304  259  228  17  2  227  53  167  112  95  229  222  138  339  197  219  327  243  312  330  217  260  286  101  79  133  246  235  126  228  245  306  176  89  8  121  83  131  334  126  68  350  175  277  360  304  259  125  344  187  93  221  331  331  163  187  122  15  122  347  339  103  145  185  356  361  70  228  83  108  154  240  43  26  314  255  101  269  29  122  177  270  74  198  250  339  247  58  85 
 10  260  80  106  236  45  126  54  3  70  83  120  256  238  310  187  86  32  278  238  63  276  62  92  318  157  23  106  245  327  325  108  165  192  190  319  42  307  134  92  144  351  210  244  316  262  50  299  273  188  224  104  90  27  342  210  302  11  140  101  275  206  159  15  231  144  233  65  190  37  16  55  113  34  2  279  301  187  147  190  350  26  120  188  250  27  164  72  218  308  353  214  313  176  47  266  33  10  282  289 
 289  41  56  269  112  301  280  129  112  224  138  137  316  41  264  178  35  80  267  122  69  27  59  9  119  113  258  84  286  245  179  237  313  34  326  222  328  112  103  176  352  170  23  328  3  166  334  22  189  141  270  349  295  67  33  349  360  133  123  50  222  296  337  205  291  318  84  3  124  35  240  301  306  279  138  37  213  263  59  344  63  23  130  130  107  6  286  97  96  236  341  49  55  35  81  358  89  265  189  358 
 262  332  164  102  23  51  38  180  297  326  340  31  188  308  224  346  290  63  212  209  183  50  251  221  247  196  91  10  16  180  122  298  87  234  248  291  310  21  14  109  207  47  81  123  184  53  63  113  262  236  273  246  209  118  312  184  140  350  196  274  53  332  223  260  291  222  32  166  248  357  154  355  90  304  54  121  47  65  22  183  329  257  140  98  255  363  299  169  328  249  178  240  281  80  354  263  289  22  241  296 
 290  281  217  336  324  358  277  235  67  64  239  219  22  5  199  332  202  99  136  57  5  171  297  175  294  3  124  329  60  337  137  169  325  138  341  181  200  245  41  62  114  312  329  186  166  8  232  76  222  326  94  337  258  261  92  71  166  116  297  279  268  301  83  327  37  264  2  85  336  348  221  286  96  60  297  5  307  215  21  107  259  275  355  228  131  325  184  109  56  359  275  343  271  119  177  207  74  318  362  125 
 79  327  198  84  160  85  68  29  237  315  28  191  339  253  293  276  102  87  159  116  261  88  51  42  242  163  76  82  30  161  133  166  99  328  354  98  241  222  217  144  152  151  358  161  236  191  47  300  159  258  196  217  265  205  68  70  97  147  1  184  166  97  288  218  338  95  271  26  74  263  222  70  173  223  166  359  331  119  348  341  164  56  223  108  78  282  73  268  339  227  14  277  303  110  112  160  240  1  311  317 
 26  224  104  102  321  95  81  342  360  358  259  253  312  284  267  250  199  140  245  229  68  1  116  51  264  291  275  285  157  340  1  307  192  337  327  131  220  170  339  237  95  347  108  106  215  299  161  236  210  72  237  8  202  148  65  338  48  255  153  110  305  347  160  97  318  32  335  207  351  287  108  358  98  119  137  320  270  181  73  165  20  57  123  181  209  151  19  42  85  112  356  194  167  234  4  335  170  300  89  102 
======================================================================================================
 112  215  177  191  29  38  337  66  197  73  31  288  102  162  345  178  48  125  181  93  136  71  232  37  181  24  187  258  8  314  250  61  347  254  275  17  314  264  1  131  228  342  274  5  365  302  298  354  7  179  160  188  95  135  216  86  232  311  91  211  43  330  252  180  132  95  120  78  267  314  305  48  187  9  223  255  209  93  276  141  268  236  256  15  164  248  240  175  63  178  315  241  358  316  123  244  215  325  206  196 
 312  164  26  45  134  9  111  137  131  261  241  296  202  307  274  189  15  173  77  256  140  331  151  239  191  122  200  15  348  14  112  214  282  359  127  183  359  344  141  210  139  119  131  143  302  127  266  4  242  191  127  118  54  111  254  176  221  107  216  356  357  228  199  163  362  17  29  299  17  246  104  31  82  251  268  6  200  348  255  18  245  61  112  297  300  70  298  66  212  38  290  43  212  335  109  155  308  34  182  51 
 224  251  182  175  72  175  22  90  57  162  60  350  231  268  51  155  131  266  8  20  21  266  197  358  181  244  273  3  201  180  348  147  319  353  16  324  266  113  230  178  223  137  305  162  9  76  229  67  250  103  284  22  343  72  177  266  354  175  230  28  214  296  165  12  52  80  58  4  6  296  216  153  248  24  231  154  75  44  164  47  114  90  31  167  258  122  19  82  251  166  318  129  94  126  164  295  38  108  92  144 
 343  363  27  246  186  313  351  38  235  268  221  293  79  40  21  260  339  268  58  126  353  20  176  45  200  336  329  354  113  327  37  345  76  308  190  277  163  228  78  119  131  159  29  363  354  281  275  227  19  359  69  193  67  89  248  64  75  331  202  217  340  186  113  261  281  61  117  87  26  189  196  52  241  150  279  261  32  39  87  268  158  50  87  207  168  317  107  10  30  191  178  73  273  224  364  330  166  253  237  56 
 192  357  310  236  37  198  227  166  247  292  339  357  222  159  216  246  220  101  142  136  269  135  331  222  146  37  276  52  324  154  211  257  28  361  32  21  254  214  41  239  105  139  54  204  301  103  164  282  101  78  60  289  96  73  70  27  325  358  312  1  232  81  159  66  330  211  271  21  141  207  315  169  20  210  351  42  300  172  334  19  166  340  30  261  138  358  68  231  116  119  248  285  225  246  146  46  68  212  220  136 
 278  165  209  259  19  310  92  38  313  240  79  282  32  215  97  225  284  57  273  263  324  167  158  186  271  66  139  283  141  230  283  219  7  20  72  58  335  87  16  164  358  27  75  115  19  319  45  180  263  72  195  17  55  143  38  84  306  113  36  266  304  158  347  110  66  72  132  360  271  149  27  160  209  188  25  174  117  319  91  201  312  140  19  252  184  192  234  185  285  142  166  319  187  93  331  119  204  46  10  190 
 62  358  228  315  42  204  120  13  150  82  202  66  123  307  347  177  341  215  155  77  333  131  51  210  50  249  101  147  174  61  151  90  284  34  215  155  79  13  20  197  22  171  237  57  55  300  205  225  9  304  346  195  250  319  177  30  165  230  209  353  82  233  63  8  258  77  296  134  329  276  132  134  60  257  180  33  255  92  256  179  67  170  287  93  208  234  208  80  293  217  154  87  105  4  288  214  191  79  235  141 
 47  174  49  7  350  167  103  57  241  186  258  314  60  130  286  96  78  11  211  115  338  59  39  209  294  120  101  104  126  256  285  278  210  52  3  252  167  293  207  9  22  167  268  63  290  354  186  121  303  335  148  133  11  274  115  9  102  312  25  27  76  199  125  279  241  122  221  15  50  278  244  35  230  269  108  69  357  204  348  49  316  285  187  172  35  231  52  69  204  362  76  271  255  271  67  107  304  6  2  102 
 317  336  106  342  140  111  24  313  345  224  178  190  327  20  15  188  156  66  140  105  14  161  277  152  299  163  174  281  31  180  178  161  37  112  156  365  168  77  334  150  275  199  16  10  284  266  57  28  175  134  4  181  47  223  173  105  39  114  199  107  270  234  188  349  110  194  177  212  84  234  76  274  7  231  216  242  23  67  242  230  329  193  353  193  359  105  260  222  7  16  335  12  178  141  347  159  232  59  250  9 
 223  74  126  17  340  78  299  334  233  114  314  347  313  135  57  173  163  195  226  341  196  80  247  315  233  152  201  269  329  127  251  66  249  166  205  219  180  47  31  8  232  309  236  291  212  77  262  319  102  313  193  219  18  135  8  100  250  58  255  96  262  259  177  42  185  259  353  354  4  152  231  186  213  354  321  309  66  182  195  21  229  225  235  173  174  99  32  185  18  5  136  185  348  168  199  26  86  16  304  120 
 311  89  8  341  299  58  356  315  259  206  365  266  267  254  347  342  231  195  15  348  48  296  144  313  153  290  69  243  162  222  56  30  161  41  307  340  44  103  281  47  170  226  10  289  327  143  143  48  313  150  139  291  212  201  326  239  290  185  86  133  262  56  154  263  182  109  238  170  232  351  230  42  205  5  114  160  256  219  102  158  322  318  194  335  299  132  20  179  299  323  323  63  182  298  253  348  199  195  72  132 
 6  53  291  151  262  273  309  177  173  77  355  79  347  329  241  11  304  269  32  274  263  301  315  221  66  57  311  20  237  352  306  26  303  359  3  334  125  79  248  346  1  283  286  298  75  35  275  28  67  365  169  157  330  81  291  324  159  161  68  178  152  120  98  254  77  333  125  83  300  81  341  319  183  151  59  288  103  166  344  322  112  13  145  66  324  219  316  153  299  68  58  280  91  149  165  91  280  364  119  135 
 35  83  24  161  299  358  36  141  78  169  30  15  7  93  209  221  174  360  250  175  220  343  168  210  302  262  304  72  266  202  111  246  166  312  137  98  338  173  295  111  193  147  207  24  114  299  49  300  79  14  158  66  317  114  110  43  320  165  284  73  128  353  9  359  223  237  284  7  221  254  232  244  231  337  151  286  137  47  332  92  22  161  94  251  311  100  350  273  51  244  106  58  209  298  188  27  364  30  293  79 
 158  59  86  102  157  312  214  359  317  191  327  251  114  186  327  241  190  249  208  302  235  269  342  174  335  77  63  116  122  292  319  125  361  98  360  31  71  102  208  111  170  100  360  211  296  36  209  357  158  25  62  307  72  11  26  207  235  141  51  230  158  47  293  58  119  255  240  344  253  308  70  142  224  292  351  215  130  259  51  250  299  250  362  275  43  316  98  235  55  204  322  232  95  309  207  107  250  30  121  215 
 202  123  256  100  212  52  258  149  150  321  164  75  334  281  5  234  91  255  13  268  232  9  29  34  91  59  116  29  165  333  210  326  328  180  37  15  260  250  257  288  6  295  5  290  208  39  270  195  74  207  276  344  361  185  258  210  313  360  233  229  143  256  310  123  73  27  257  256  358  50  278  312  361  91  317  94  27  290  95  201  310  284  324  358  349  273  144  145  133  160  23  61  36  145  69  277  150  61  357  130 
 276  271  363  239  129  227  268  326  92  105  194  90  26  312  155  340  192  135  16  288  349  215  304  230  261  13  42  124  126  284  223  211  300  282  19  350  8  147  140  262  296  251  339  87  276  265  211  100  223  352  249  120  4  175  336  174  328  241  294  309  103  229  305  26  246  83  221  117  268  274  106  333  335  100  15  24  19  64  273  56  335  162  203  224  244  131  100  286  18  177  187  42  310  82  4  200  14  304  29  133 
 87  144  190  194  20  106  257  110  311  190  258  327  47  234  185  68  237  75  127  209  273  108  86  292  54  69  161  326  236  89  229  126  266  273  312  169  37  357  112  335  200  208  21  288  106  58  206  261  106  175  314  148  184  41  233  128  43  297  165  200  98  192  134  348  191  113  71  234  246  319  120  332  12  294  341  33  170  169  293  155  322  42  291  72  255  43  77  96  58  321  262  59  363  324  315  131  5  100  66  180 
 265  122  49  52  341  303  346  113  236  86  167  276  75  288  251  116  294  288  258  203  2  267  306  176  275  232  311  189  304  154  38  241  137  118  6  175  48  21  141  264  329  356  99  117  129  153  39  334  317  123  287  192  313  216  59  183  36  154  86  265  108  90  7  345  2  165  181  50  173  239  246  52  283  308  37  17  288  336  161  183  72  127  351  264  266  44  311  314  86  251  109  151  33  123  55  191  222  97  314  114 
 296  269  23  343  348  276  287  229  238  77  330  286  129  257  271  70  37  90  86  176  109  153  74  75  73  2  189  148  132  284  350  11  77  294  211  114  55  274  88  71  118  170  293  273  128  273  27  355  281  79  127  172  322  35  259  77  36  59  303  52  176  92  88  97  175  162  85  298  101  205  298  84  82  226  13  364  47  248  364  301  355  342  287  96  296  339  58  216  66  168  229  283  115  89  22  115  325  94  171  43 
 306  178  332  281  327  47  316  117  99  83  205  82  282  188  279  8  65  118  262  129  163  239  238  21  243  325  80  146  70  27  314  10  213  177  297  292  102  352  344  199  349  207  2  221  245  35  162  99  226  225  306  144  159  91  186  331  147  159  272  195  312  135  20  279  151  184  305  350  113  322  197  221  73  169  64  307  173  337  190  294  305  14  2  298  151  137  196  39  106  9  350  234  204  356  362  177  195  41  231  165 
 252  333  33  321  106  254  65  363  156  238  12  303  142  344  263  171  294  332  346  101  30  268  273  332  347  7  121  16  312  116  308  83  360  47  344  283  193  262  118  108  212  336  162  130  257  100  260  277  320  314  83  26  314  317  46  155  235  40  63  5  237  250  337  147  330  232  134  203  66  205  99  141  151  63  355  308  136  109  162  253  246  1  274  232  231  177  5  5  163  286  362  353  165  246  98  349  320  309  302  158 
 256  1  171  296  255  261  57  37  244  209  301  68  77  276  252  120  60  66  107  135  323  72  310  361  79  90  202  229  310  352  177  326  69  358  294  277  233  15  250  157  117  63  75  223  325  112  53  242  26  52  34  153  338  27  306  162  262  258  129  43  132  276  355  104  42  87  198  15  82  143  175  8  205  58  220  219  76  363  194  192  61  150  126  337  361  324  285  3  74  293  364  186  306  199  144  235  103  94  171  124 
 316  215  3  217  139  112  64  35  242  344  76  229  17  159  205  131  71  113  68  337  107  31  244  340  59  172  218  287  14  147  123  255  95  30  315  110  26  30  353  240  354  341  142  79  339  312  326  7  309  329  161  195  53  177  277  184  174  364  249  230  272  122  189  93  188  101  216  317  1  311  323  3  171  200  92  13  275  191  152  141  71  22  97  19  309  65  181  184  91  239  280  289  184  250  338  86  189  38  280  363 
 236  138  338  303  301  194  128  193  187  298  246  269  155  73  153  207  27  251  280  289  209  25  362  150  35  346  69  70  205  303  114  360  312  190  240  306  349  157  87  108  307  53  175  6  331  76  232  122  362  78  94  182  269  66  289  84  82  240  23  178  79  48  29  245  144  83  350  20  82  174  131  297  319  278  349  347  253  47  306  103  148  91  286  342  12  289  148  343  354  286  39  16  165  149  246  191  262  272  363  138 
 315  261  68  138  114  285  300  146  94  39  212  288  65  153  334  289  294  103  234  272  183  150  217  120  3  127  191  29  365  39  163  141  241  137  222  115  286  174  346  362  185  213  274  256  314  215  297  196  283  235  321  78  17  232  251  213  4  275  77  206  147  306  363  137  331  187  209  165  157  295  52  354  7  268  192  220  224  72  133  45  216  260  127  128  42  267  311  121  314  218  20  292  227  347  20  245  205  321  351  295 
 268  79  74  113  196  59  203  124  131  318  185  324  234  253  229  342  346  205  196  38  124  128  333  128  236  53  274  64  256  24  271  207  230  239  74  34  265  309  160  287  61  96  314  275  40  328  152  38  90  88  28  157  360  199  102  331  294  110  56  66  74  317  127  98  304  319  13  42  58  118  143  317  340  58  207  231  106  280  197  64  51  15  319  29  264  214  219  344  11  72  277  146  244  335  116  105  156  351  77  271 
 208  51  85  304  95  299  149  46  54  39  80  271  140  204  296  203  266  304  311  223  142  173  81  105  225  211  66  190  261  45  330  17  131  196  203  280  230  211  57  155  42  220  211  1  310  46  337  303  200  328  132  320  317  318  122  213  337  20  218  133  112  266  87  51  118  147  68  136  289  254  65  188  63  212  152  127  79  169  115  118  176  86  324  339  146  255  93  40  179  287  273  330  167  213  308  300  241  164  327  358 
 155  167  110  211  52  365  73  65  351  219  120  59  70  342  343  298  49  201  365  306  73  25  353  140  239  176  230  151  81  246  122  302  14  190  333  250  91  261  129  2  201  13  352  239  216  297  132  124  356  106  59  63  30  344  231  333  172  356  312  328  1  12  86  209  44  184  112  264  342  358  272  284  339  52  201  14  345  260  53  76  129  99  331  187  275  114  112  154  236  154  145  95  325  146  319  26  202  314  116  203 
 339  75  172  168  79  303  241  168  96  29  189  157  95  294  68  20  41  124  42  318  154  99  115  45  243  272  277  143  92  345  54  172  191  348  311  318  249  170  103  83  330  281  94  346  188  324  86  307  95  22  143  258  55  214  231  218  89  214  214  32  30  143  180  307  62  74  259  280  352  8  88  104  169  50  102  203  113  66  109  23  253  99  208  211  45  312  142  146  63  248  160  262  1  252  324  22  99  311  316  61 
 192  181  312  352  323  120  162  9  355  82  220  222  267  240  112  101  239  1  337  80  140  350  85  225  171  18  117  262  87  172  335  346  140  207  320  352  305  314  238  186  2  334  222  319  77  64  323  352  163  250  157  121  69  266  154  335  34  178  29  8  296  112  87  243  21  185  232  218  121  160  55  68  131  83  170  292  151  248  308  227  56  306  270  166  190  43  348  299  200  67  319  176  223  198  92  238  292  127  177  102 
 218  9  47  56  349  72  282  69  91  294  315  275  87  161  140  322  160  272  165  40  260  28  63  302  347  291  342  122  22  106  162  95  77  55  190  213  177  49  194  92  254  33  333  129  21  208  314  301  318  253  251  341  28  260  303  71  325  320  216  298  70  129  50  226  165  178  35  37  149  34  145  148  175  136  229  41  76  248  73  14  222  249  97  297  146  127  336  200  204  291  311  268  154  111  346  186  341  240  286  162 
 92  224  57  119  6  145  347  316  41  48  276  252  204  186  211  338  223  106  317  129  256  6  345  113  28  295  166  232  177  117  89  128  50  246  165  94  215  261  9  114  311  364  88  169  88  276  1  223  352  184  287  188  180  347  75  258  13  306  29  365  93  168  252  259  201  341  280  201  284  293  117  354  103  26  9  337  194  264  132  56  160  165  31  197  220  269  308  219  162  126  10  325  33  360  354  350  138  70  242  174 
 60  162  14  139  126  67  248  52  242  225  224  290  142  73  125  354  180  79  347  4  255  58  159  44  62  189  324  260  65  42  92  100  87  133  265  209  249  259  282  201  170  365  292  4  169  281  144  24  362  77  278  145  234  58  297  190  313  176  285  250  260  81  340  165  223  39  69  279  167  139  332  21  320  176  95  11  270  263  254  265  33  7  65  358  13  246  251  246  306  149  126  297  265  32  136  124  156  58  222  118 
 168  108  12  152  244  240  25  219  48  7  340  240  5  61  189  120  103  58  199  328  177  185  259  242  357  303  268  324  22  124  344  356  164  84  348  303  170  112  267  5  21  43  317  298  189  153  196  70  142  31  359  185  174  176  277  24  187  306  61  264  16  155  204  97  266  57  61  303  357  302  58  138  118  118  169  29  169  12  248  213  62  46  50  101  249  220  260  12  68  266  193  164  96  9  44  94  364  14  317  138 
 185  341  307  46  105  139  82  59  223  95  225  40  267  200  129  70  100  6  345  319  168  213  134  72  138  264  265  183  161  316  100  87  251  221  112  295  96  118  293  297  253  38  355  205  65  320  36  163  34  118  27  226  151  153  59  156  188  162  109  87  27  341  54  213  176  95  304  32  60  212  316  81  262  118  136  271  210  298  47  243  105  139  96  235  10  332  289  360  73  35  80  310  118  142  219  316  159  80  138  11 
 155  115  70  258  191  252  249  200  64  148  336  147  63  141  300  212  262  132  102  144  199  161  80  211  321  4  49  339  60  139  290  224  49  13  15  234  219  179  193  113  320  153  119  324  131  66  4  163  36  343  277  154  248  84  187  177  282  91  341  137  42  63  102  184  163  156  269  230  51  104  24  131  340  18  184  363  44  303  48  22  13  49  264  314  158  210  70  236  266  184  153  64  201  272  23  27  89  169  202  338 
 127  328  357  322  340  292  28  184  7  155  305  243  327  178  179  220  102  216  313  226  274  246  9  195  290  149  136  246  10  276  289  46  2  257  275  362  3  237  203  211  282  60  263  310  36  208  346  338  185  98  186  56  353  339  94  2  270  119  227  55  25  52  59  30  102  34  69  21  111  173  5  184  141  245  50  242  322  75  190  18  246  221  249  50  260  276  357  312  217  168  318  226  303  198  136  30  282  94  58  109 
 249  253  363  248  187  198  100  14  122  342  152  342  96  358  307  299  321  89  352  248  317  279  189  177  219  21  364  102  309  67  227  219  258  71  252  315  30  69  174  155  246  276  37  128  236  292  2  95  182  224  247  96  229  225  93  260  148  114  208  134  63  329  323  227  308  176  131  236  63  326  303  249  283  28  7  55  93  128  237  14  214  3  119  255  362  193  96  127  58  23  349  186  199  1  44  38  340  37  359  77 
 49  44  358  83  345  349  220  308  3  351  303  76  86  196  60  273  321  25  243  103  27  14  345  185  343  141  45  171  329  105  77  111  347  36  76  161  350  207  171  141  4  130  215  187  349  198  5  167  1  27  86  102  111  16  42  86  300  97  121  235  269  322  181  178  320  228  274  106  120  341  339  87  176  109  208  308  95  56  27  7  45  26  120  92  313  110  342  116  259  155  27  57  253  181  200  226  110  52  143  91 
 306  322  259  245  343  171  337  341  187  24  354  327  196  362  36  279  269  22  49  20  356  262  37  163  279  335  354  217  317  16  98  155  118  106  337  111  231  216  158  123  4  211  10  61  304  36  343  299  132  160  103  215  336  306  122  172  143  284  74  125  312  95  350  353  252  198  118  335  85  298  334  226  123  321  305  60  321  65  70  318  74  189  244  128  25  110  324  192  160  166  249  19  288  20  291  257  76  95  279  183 
 277  128  308  301  344  211  11  115  29  363  32  35  256  256  147  263  267  263  118  120  148  88  94  247  117  40  170  15  8  99  345  204  282  122  90  66  359  182  126  100  316  354  347  335  148  111  279  349  301  109  60  130  322  274  315  241  127  302  290  40  343  309  140  240  292  355  307  20  156  261  327  101  162  50  239  280  144  151  300  139  334  215  245  155  105  212  159  340  142  332  317  57  170  57  239  82  13  336  154  62 
 136  302  268  276  289  118  112  44  332  354  100  292  199  183  303  190  297  83  34  53  71  64  116  69  24  2  315  222  92  329  180  19  241  187  232  76  333  218  80  274  101  48  208  64  284  200  232  324  238  88  194  63  233  224  337  322  257  293  142  138  2  218  61  273  256  110  54  113  118  350  34  96  16  315  94  205  6  131  220  133  167  233  261  303  300  263  154  261  227  285  311  316  23  282  107  282  209  224  322  100 
 293  103  172  312  146  289  216  104  20  158  187  347  23  208  287  323  164  19  217  131  132  177  129  359  28  241  310  120  130  19  18  173  145  187  163  124  296  110  143  127  146  50  162  241  163  80  86  101  169  18  212  123  17  172  350  96  198  213  209  277  267  339  100  108  238  37  221  154  344  320  53  50  300  356  10  216  347  357  118  228  329  35  168  334  334  113  153  59  349  307  315  91  297  21  225  98  46  256  84  79 
 290  260  136  118  58  28  349  96  269  308  270  347  8  312  28  89  31  286  62  226  99  305  330  290  90  289  322  150  47  43  271  3  43  203  80  20  144  351  275  71  188  34  196  248  248  297  43  277  219  137  197  310  208  167  21  149  200  111  58  313  261  176  152  105  23  295  120  139  347  198  285  275  184  65  104  319  347  42  155  299  253  360  92  144  2  259  185  207  250  47  222  264  343  260  117  5  28  316  340  335 
 92  138  186  77  234  332  183  263  361  227  214  222  117  334  53  160  358  212  49  342  341  344  189  76  128  71  188  50  27  266  80  290  196  68  8  39  20  307  115  102  64  84  277  104  345  26  57  125  213  72  242  114  351  219  214  355  270  266  186  132  298  307  342  297  335  213  285  295  286  349  141  169  167  162  266  133  201  168  203  166  102  65  18  309  60  158  173  271  47  265  351  66  215  72  90  322  252  38  234  129 
 268  204  25  102  364  68  93  138  343  330  155  61  303  102  40  177  95  280  216  65  12  234  227  49  31  251  304  252  325  163  39  194  328  164  308  117  11  318  231  277  89  2  142  75  181  100  154  253  49  262  56  362  344  246  197  123  208  252  94  235  39  360  313  80  302  117  357  183  363  262  192  362  259  141  219  68  168  26  165  148  339  86  167  110  29  256  186  89  103  340  207  11  195  189  182  350  122  161  161  21 
 328  114  14  3  267  55  352  155  188  41  345  83  138  135  161  93  143  177  283  247  32  211  55  162  108  101  210  289  172  196  29  279  342  163  15  305  44  223  230  357  363  358  207  333  146  302  170  326  293  35  355  31  139  212  309  175  361  65  308  128  270  359  14  164  140  57  270  176  234  95  258  346  352  111  287  18  344  272  135  95  257  228  126  29  86  104  106  235  184  120  281  65  203  70  154  261  251  21  188  35 
 286  2  98  15  240  315  7  12  28  266  277  281  255  41  62  69  299  99  196  194  29  289  112  117  354  103  80  344  314  334  358  127  291  230  204  130  53  361  365  99  118  52  200  297  225  269  178  325  10  167  329  98  223  207  329  56  230  365  172  186  36  163  119  31  351  188  179  165  104  66  164  230  94  235  275  235  269  101  8  320  150  160  27  60  79  319  274  173  365  314  250  110  238  146  319  83  46  229  137  231 
 331  362  339  60  126  353  199  169  112  287  148  211  111  36  174  243  15  231  117  302  299  208  186  161  344  318  335  331  172  267  327  190  87  57  365  20  12  350  194  293  99  196  224  338  92  166  317  185  115  86  43  31  301  253  239  100  344  315  291  316  204  315  127  303  214  355  221  303  32  318  114  50  102  80  246  141  236  273  72  58  243  200  248  106  260  202  21  226  289  42  78  37  215  23  41  163  107  340  257  297 
 70  324  96  273  342  141  223  78  231  294  260  178  249  55  314  266  132  144  107  88  247  58  296  280  345  123  143  259  325  217  62  307  286  337  215  303  105  48  235  363  99  227  117  255  260  317  120  100  104  292  95  223  344  235  3  113  352  325  72  356  206  264  332  77  50  234  220  316  209  18  238  141  340  83  68  181  341  183  124  350  133  126  32  321  174  328  20  317  351  218  207  150  297  242  98  329  263  277  107  85 
======================================================================================================
 82  150  312  63  347  282  218  192  242  308  268  297  291  189  114  42  116  275  139  338  189  263  22  19  147  356  242  8  283  208  35  27  42  226  282  184  194  322  22  15  331  343  80  346  120  317  104  294  196  221  56  70  2  327  175  37  196  110  170  188  58  270  347  146  16  326  156  160  330  91  245  303  65  209  317  325  256  157  311  215  132  268  40  277  130  125  313  176  110  189  51  47  160  122  216  173  184  80  289  257 
 264  180  259  145  202  15  325  57  143  138  99  90  197  319  231  179  39  127  249  234  125  34  233  226  84  39  31  148  240  195  177  261  263  91  182  143  358  55  233  36  201  340  136  342  353  10  25  248  243  360  142  215  295  266  12  73  286  16  232  8  219  61  268  311  223  190  187  101  310  171  317  358  89  194  363  252  203  194  114  337  308  33  32  81  189  88  146  96  306  51  227  363  307  199  203  357  89  101  268  94 
 286  306  97  111  329  86  230  54  132  138  230  105  231  174  194  313  152  249  353  119  254  158  326  65  27  43  83  76  6  111  95  170  260  44  72  149  14  144  133  198  346  284  266  253  86  154  135  17  92  266  179  91  210  112  114  90  54  206  355  338  184  109  56  139  65  77  263  105  81  199  14  347  8  360  31  204  124  141  225  223  182  112  330  251  73  1  200  201  122  83  334  24  142  83  205  183  326  104  314  250 
 104  216  243  282  105  130  191  259  239  359  139  351  203  172  70  292  231  157  44  84  295  295  103  228  219  330  20  104  201  115  38  151  291  73  35  175  214  246  13  186  247  74  312  235  66  197  199  76  135  66  256  210  150  112  311  157  262  317  92  114  323  296  67  349  281  170  346  216  92  259  314  93  268  326  198  49  59  173  267  74  250  305  235  238  231  81  240  62  228  166  242  264  360  304  26  102  233  303  280  339 
 274  14  295  306  90  174  269  328  99  181  271  75  80  176  288  56  320  359  338  239  152  58  292  322  308  89  90  341  167  84  165  33  195  44  304  227  99  336  94  253  157  360  250  174  300  187  185  190  341  237  108  125  202  87  195  118  63  81  81  137  141  191  334  73  65  220  313  220  98  354  159  41  58  220  330  23  230  240  360  114  274  310  91  39  93  199  258  330  171  365  104  202  142  48  2  328  273  326  314  288 
 50  227  119  144  92  242  142  8  159  98  285  293  150  356  302  95  61  234  355  93  114  324  191  270  79  353  248  209  150  357  66  314  178  305  79  172  263  282  145  316  88  312  221  316  145  228  209  300  92  49  336  160  341  186  33  225  220  217  155  311  121  177  39  21  64  189  123  99  352  260  128  103  50  321  137  28  28  105  266  15  347  104  154  323  9  119  259  223  273  227  333  126  280  4  257  120  29  273  310  99 
 82  204  351  27  132  285  186  26  163  111  252  60  213  312  87  206  286  139  159  170  10  142  340  230  169  248  321  265  44  87  29  108  91  24  232  143  242  96  168  66  53  13  261  167  364  71  321  155  91  109  248  34  348  314  203  182  93  350  260  17  203  28  365  210  89  110  36  61  320  307  189  101  250  120  310  174  177  224  260  17  304  201  167  230  144  288  203  158  349  268  12  268  181  248  349  12  16  189  107  307 
 282  224  312  326  349  67  57  215  335  348  112  217  57  351  334  292  18  48  27  131  172  227  88  8  248  13  237  313  202  106  185  112  55  114  297  214  354  265  54  270  61  167  21  356  31  165  30  175  54  260  197  228  62  196  140  119  187  58  138  107  160  326  277  47  61  210  165  204  315  134  178  175  272  312  10  102  20  19  323  192  156  45  306  89  188  188  177  327  127  306  182  250  16  338  166  363  343  180  126  187 
 50  101  346  84  261  262  23  161  228  57  152  323  125  326  270  141  337  281  41  256  365  212  66  290  217  72  92  153  139  142  224  280  57  18  219  292  308  22  51  66  107  8  161  325  196  329  200  43  326  8  76  216  194  314  134  125  226  314  78  262  106  313  85  230  329  244  101  61  365  65  358  63  199  194  61  321  202  11  16  141  140  21  59  247  103  211  9  297  235  285  69  72  256  18  209  365  350  248  96  179 
 297  277  333  174  62  72  89  364  293  31  230  95  154  200  52  357  54  288  221  187  43  64  165  227  166  77  67  88  280  236  89  140  210  81  350  77  302  151  14  111  286  346  281  155  361  45  242  121  39  247  292  311  219  177  215  336  24  171  311  105  47  307  189  159  143  117  76  175  307  348  53  34  195  362  236  332  49  248  149  190  363  285  183  336  73  188  233  55  288  313  324  8  342  66  158  356  216  362  154  201 
 98  270  53  173  135  272  28  33  127  348  115  249  198  168  15  101  94  294  175  252  356  226  243  317  67  154  35  37  136  165  320  103  79  307  225  80  301  291  254  337  69  123  328  344  234  227  249  364  99  97  168  260  241  268  155  249  76  223  115  347  257  200  178  293  139  265  149  302  325  351  133  157  54  345  299  117  322  257  119  361  36  18  109  323  144  258  114  306  68  278  296  77  180  130  58  157  320  280  51  319 
 168  251  305  161  283  340  260  318  120  322  191  193  137  251  78  121  130  217  248  227  324  296  240  328  356  9  140  313  106  2  355  213  24  264  249  213  20  23  97  30  202  203  249  27  76  175  113  306  242  113  222  298  242  293  359  139  133  322  39  207  358  53  226  243  301  9  169  193  8  192  196  186  329  24  205  115  40  35  82  114  362  52  269  215  255  124  338  233  283  284  305  191  239  294  222  147  245  332  51  168 
 231  1  197  253  11  246  364  170  64  178  1  178  144  201  98  217  185  96  302  289  129  251  358  32  59  14  289  354  295  177  272  307  327  360  23  102  250  284  323  302  192  363  90  322  150  72  108  123  248  220  252  318  255  203  175  73  206  27  41  13  159  108  113  139  85  125  272  158  264  143  152  214  361  270  182  7  143  87  119  290  321  282  318  306  185  145  237  293  161  122  227  212  260  88  5  103  42  50  146  175 
 148  317  203  316  14  91  319  315  36  312  29  99  35  1  13  311  172  235  102  192  163  245  265  361  351  266  230  269  335  254  217  289  331  319  280  9  352  124  349  198  199  14  194  191  47  16  129  289  163  273  4  218  47  325  263  137  57  34  63  239  20  337  170  347  38  221  2  78  121  87  342  113  30  230  80  43  127  36  350  10  307  8  335  14  356  181  194  64  224  95  301  240  128  318  297  45  221  100  344  63 
 232  355  360  269  272  223  281  15  250  8  233  162  102  275  141  28  269  254  271  353  359  235  37  116  238  204  149  263  9  297  164  105  96  364  335  67  306  230  254  209  319  278  289  257  183  194  76  303  357  240  313  207  160  118  104  238  260  13  207  108  187  321  118  326  242  27  17  185  286  289  164  144  352  17  226  284  187  314  342  84  323  6  293  129  60  162  25  309  113  253  364  246  194  15  103  296  284  146  128  1 
 75  255  259  350  19  122  214  256  362  4  183  72  123  229  255  313  23  320  182  98  223  311  308  131  326  103  65  62  270  360  311  234  98  266  339  35  105  365  42  223  343  39  21  29  73  208  317  214  261  53  48  251  294  204  15  68  7  260  181  163  292  106  88  180  102  210  43  323  42  285  197  1  217  175  35  112  328  146  37  43  220  207  165  279  355  241  318  72  179  194  26  282  185  36  286  170  188  14  330  279 
 284  171  108  96  208  97  291  126  81  243  63  154  212  247  200  294  73  46  290  294  295  102  29  174  56  239  163  90  119  18  298  327  20  310  141  155  96  96  233  310  139  235  216  165  210  321  9  269  351  223  191  66  157  104  98  329  163  10  107  187  170  356  303  287  98  328  25  74  187  6  91  37  118  133  229  355  207  136  64  129  270  99  128  327  20  144  157  161  167  280  41  141  252  47  60  52  191  80  297  94 
 183  65  192  251  103  312  206  236  291  108  148  293  323  304  264  301  48  351  51  311  289  275  113  56  216  211  116  358  76  273  182  260  329  35  356  154  219  235  79  134  84  55  323  119  277  334  25  105  242  18  272  293  15  129  19  77  253  63  137  5  271  245  315  341  106  245  119  192  284  190  253  306  105  167  180  90  33  215  313  163  76  334  211  245  163  286  236  101  290  304  197  88  208  237  76  196  289  164  144  18 
 288  197  150  150  288  243  352  76  220  74  349  346  67  268  165  219  309  273  65  312  202  27  341  300  149  85  124  247  360  357  63  202  232  100  128  60  68  114  115  245  322  158  62  300  136  208  141  293  316  114  147  340  119  298  235  72  275  207  286  199  24  144  74  14  60  117  209  86  9  163  190  233  186  230  35  229  264  220  216  39  122  14  322  346  99  145  1  160  221  122  80  59  84  104  63  42  43  18  361  151 
 239  101  153  240  154  132  64  308  130  217  255  278  360  134  137  362  247  318  55  319  181  344  68  139  125  282  283  156  165  227  132  350  73  30  325  21  196  85  14  189  312  226  88  177  142  88  170  99  203  197  299  348  256  355  15  62  308  320  297  127  324  85  210  254  284  141  102  157  231  353  24  61  291  15  141  282  44  359  169  295  180  271  136  127  283  315  55  45  324  38  206  323  266  227  52  124  349  129  18  138 
 168  261  80  333  189  264  332  162  82  159  193  148  264  325  40  123  95  315  125  89  275  110  137  314  335  302  355  31  174  168  261  182  42  223  42  321  57  189  163  161  316  122  27  313  177  275  294  146  262  77  219  345  184  275  190  131  124  69  139  158  79  146  3  229  246  225  129  311  337  356  347  325  108  342  141  146  219  360  181  35  345  215  11  126  322  192  118  135  143  221  131  102  150  91  106  117  16  205  32  56 
 229  122  160  144  3  332  192  153  118  343  196  62  183  298  16  279  169  26  179  274  288  13  26  91  38  320  84  222  39  174  311  292  169  264  352  216  73  164  169  151  157  243  325  338  157  284  298  187  22  29  267  134  227  96  231  97  322  219  261  352  29  57  233  327  12  241  314  348  159  243  169  76  203  83  244  300  98  230  361  329  140  207  225  203  242  323  44  149  303  39  11  204  47  357  80  101  227  275  75  305 
 215  78  263  143  287  82  337  133  108  85  223  188  341  84  247  283  341  212  300  353  274  220  96  273  97  351  265  150  269  251  208  285  11  63  92  17  184  211  255  70  9  312  126  268  58  18  277  196  189  223  280  292  228  87  359  294  163  38  172  194  319  162  361  26  23  63  14  254  172  209  118  168  347  38  337  185  316  45  235  216  219  210  174  327  121  276  59  335  347  339  7  19  202  284  72  194  217  286  145  188 
 65  52  346  162  201  46  304  132  312  288  324  129  293  150  360  84  225  149  122  152  5  113  191  70  217  340  37  212  32  47  233  286  156  145  127  151  191  16  102  251  309  347  344  208  264  240  35  300  111  42  7  104  249  198  108  322  236  227  194  192  269  286  342  221  66  154  349  268  110  238  139  91  225  250  182  91  277  347  325  32  277  322  144  317  346  240  227  335  352  92  72  46  330  324  176  312  234  111  63  88 
 284  131  228  350  147  35  38  309  57  288  186  152  226  165  76  326  43  360  311  121  160  145  345  141  291  199  314  142  221  155  325  313  118  137  201  327  208  147  5  250  118  193  53  365  267  82  349  250  155  359  264  24  319  188  78  223  152  157  250  184  18  362  112  160  6  61  265  210  181  109  107  228  145  234  113  336  147  151  106  245  337  107  336  309  189  339  289  258  268  251  183  238  350  301  347  333  55  48  336  174 
 270  198  68  1  15  81  131  175  306  167  256  41  214  22  335  125  306  16  282  267  45  20  333  142  161  143  362  226  358  203  212  294  158  296  260  294  186  271  88  287  318  247  152  34  253  184  19  201  200  304  296  257  17  86  351  211  17  38  283  346  261  292  187  189  345  289  189  32  352  21  187  215  337  72  217  279  164  270  305  166  324  198  215  235  364  199  288  317  137  306  225  68  281  269  303  215  282  198  365  242 
 7  237  222  128  81  36  265  301  311  302  199  330  59  250  199  321  246  281  183  139  329  267  310  232  94  168  65  195  259  29  237  6  206  55  125  217  98  305  112  101  297  42  16  282  181  90  319  219  153  117  115  247  28  78  43  358  270  76  55  67  85  85  239  180  298  31  250  174  201  323  278  143  199  287  308  127  323  62  267  242  330  214  346  354  243  108  334  329  81  205  8  254  62  270  283  261  232  321  279  227 
 187  247  222  355  60  251  166  358  169  29  272  230  22  215  93  210  126  39  141  343  147  326  245  305  216  218  156  97  28  40  47  79  277  268  320  301  209  141  342  356  11  89  262  30  98  309  42  225  192  248  133  222  62  20  292  177  356  241  21  224  75  8  97  116  198  38  285  187  211  182  270  270  305  296  230  63  291  188  206  363  169  357  246  277  127  117  137  155  219  178  267  106  56  99  133  170  165  365  231  120 
 98  94  283  66  221  101  314  151  172  274  70  215  215  74  242  70  253  211  121  127  74  161  4  115  158  340  119  181  149  267  7  201  231  114  268  125  297  78  246  274  229  131  282  260  37  112  2  195  51  280  187  47  323  14  17  317  179  276  7  229  311  310  78  336  157  301  245  114  82  84  345  306  101  244  57  302  296  289  270  121  110  212  325  128  94  201  341  84  190  248  295  293  84  206  308  144  114  276  303  132 
 238  79  53  225  204  239  150  182  83  272  209  157  80  148  364  25  311  308  120  344  192  205  111  93  256  150  301  40  74  166  259  123  2  291  211  35  152  118  70  217  327  45  148  216  128  186  230  306  283  177  108  91  227  79  139  133  37  54  185  239  333  173  145  115  205  24  308  152  193  125  147  278  365  105  55  123  301  177  297  357  221  33  152  279  220  232  159  262  61  342  40  194  3  228  53  179  179  205  218  54 
 185  337  26  45  72  288  276  33  340  345  359  34  198  336  55  146  271  192  331  166  363  268  142  333  344  110  69  118  230  174  184  307  113  344  177  84  255  150  185  190  321  169  160  310  303  267  159  198  316  14  13  311  276  352  200  226  156  20  301  341  194  56  177  302  345  121  213  104  230  163  209  58  285  280  21  360  142  318  200  178  237  288  317  52  243  156  151  133  16  146  270  275  261  288  72  101  146  257  218  214 
 220  89  289  100  333  65  83  218  266  231  75  38  67  38  195  227  75  168  314  90  47  324  211  150  79  153  279  181  300  82  339  89  209  358  267  357  72  112  22  232  35  309  339  281  284  193  275  348  209  127  167  176  322  155  282  324  130  47  275  174  349  278  109  48  336  260  351  215  351  363  303  257  326  268  235  199  12  213  215  282  149  359  153  146  276  306  228  331  280  201  150  257  301  88  47  37  287  238  225  93 
 340  184  251  22  114  1  197  219  50  282  175  188  278  286  272  246  23  251  225  211  248  204  54  74  245  108  64  160  247  257  64  293  174  353  218  326  90  72  64  326  157  300  174  180  110  308  241  300  311  125  363  109  162  98  95  308  51  49  157  207  108  95  189  317  39  25  199  308  164  110  305  34  78  76  288  85  288  129  97  341  13  107  218  326  112  87  337  325  258  249  89  6  232  82  75  91  82  363  359  281 
 337  212  50  277  297  326  186  21  287  92  172  245  274  263  337  6  165  352  149  294  135  345  262  223  118  111  14  193  43  228  197  284  215  247  324  281  322  124  241  337  228  55  61  182  363  114  167  288  94  212  212  110  211  239  128  349  73  199  306  340  74  355  350  176  66  354  68  363  353  280  158  181  228  176  227  66  177  121  92  256  310  313  227  233  155  51  333  43  63  45  184  159  194  322  110  195  146  62  288  82 
 113  236  260  179  202  334  65  187  289  341  273  275  314  147  3  66  27  167  215  217  112  135  106  56  195  350  148  140  116  58  257  128  334  171  307  91  127  8  54  115  256  267  310  312  168  56  273  72  163  284  137  195  56  25  134  339  4  284  210  112  11  38  21  284  314  268  225  209  30  65  1  246  308  226  92  171  237  32  314  334  57  2  257  62  129  358  221  76  141  116  197  247  206  289  73  46  308  81  209  297 
 62  267  282  154  205  302  4  183  280  74  41  296  254  242  121  199  173  236  225  55  75  236  234  174  8  85  19  48  2  179  177  71  311  153  266  325  12  94  137  167  103  270  360  65  317  11  178  171  34  148  22  365  318  321  109  29  364  188  264  306  359  227  47  149  323  2  110  325  236  11  313  305  300  239  339  337  173  184  92  261  55  252  65  253  240  132  256  96  80  327  133  8  82  90  110  158  196  83  87  346 
 225  118  206  277  162  125  300  222  89  91  73  180  196  206  213  266  345  40  278  176  165  55  99  316  197  285  27  230  283  336  14  294  315  153  276  326  60  223  260  280  8  24  103  54  337  184  116  99  264  185  113  142  241  64  88  323  335  342  113  24  276  166  223  56  48  14  256  207  271  331  293  162  75  189  353  42  317  158  52  193  121  90  201  218  149  306  67  39  212  176  158  38  191  142  70  224  131  326  261  71 
 258  286  246  2  155  119  230  52  54  7  25  130  168  190  278  263  185  23  355  182  111  87  157  86  357  138  192  364  110  189  190  326  230  232  282  68  175  359  69  267  127  71  61  48  148  171  87  226  336  71  204  234  350  126  43  55  39  122  99  280  150  118  290  148  242  240  49  145  192  233  360  312  258  349  221  312  201  313  184  343  338  216  116  240  122  274  240  34  155  307  247  294  345  339  4  82  110  29  138  97 
 183  86  344  333  78  144  345  191  45  16  274  319  186  174  241  141  73  356  114  156  262  299  182  140  128  262  185  364  158  231  338  164  300  321  336  344  339  358  249  272  70  53  199  70  7  8  327  297  219  46  171  172  358  156  63  149  321  240  299  63  217  104  180  249  113  174  143  27  217  38  14  218  333  181  283  180  26  264  117  272  157  47  326  216  241  84  81  331  168  136  87  326  191  73  295  27  138  223  108  86 
 171  313  5  273  6  123  313  272  257  356  217  269  84  91  88  192  35  221  344  283  301  164  241  51  334  353  222  244  172  244  72  43  151  26  246  297  210  275  63  17  286  339  124  99  95  310  302  353  94  150  113  277  320  9  232  48  167  27  313  89  269  85  243  138  88  220  254  357  360  318  286  237  237  218  361  65  293  139  234  146  255  324  55  253  116  212  263  354  43  234  88  130  355  253  335  37  108  319  60  312 
 79  110  136  80  7  69  331  116  260  238  215  67  280  303  205  364  186  8  10  192  241  136  325  238  295  52  253  182  112  237  222  218  113  303  163  138  55  263  268  187  91  116  14  321  33  361  214  148  222  364  25  220  158  294  130  150  50  183  149  321  171  31  113  100  45  129  288  166  86  312  364  258  40  238  202  307  99  270  43  354  339  168  300  115  142  277  313  131  291  325  196  310  288  364  300  173  124  32  55  186 
 22  3  354  150  279  199  335  16  317  359  32  103  209  179  21  269  135  28  273  258  189  101  90  283  247  153  291  62  253  362  80  224  329  254  283  133  362  273  148  60  218  117  316  356  107  130  334  297  228  217  95  169  33  122  104  177  284  135  1  306  177  172  290  130  250  46  270  175  259  144  102  338  297  166  343  168  227  305  266  176  222  131  171  356  298  215  45  84  29  328  228  300  118  119  94  231  142  20  3  365 
 7  273  204  243  78  312  306  333  87  288  37  30  359  40  198  272  66  290  123  327  86  136  297  343  42  337  97  235  252  323  142  342  191  75  14  65  297  241  103  189  218  352  83  2  337  363  79  169  288  202  91  166  62  1  175  131  119  241  254  67  322  2  172  271  321  203  198  289  54  313  228  346  289  26  172  211  227  201  189  119  203  78  298  248  330  235  121  256  170  235  314  55  3  146  355  89  225  175  163  259 
 275  248  185  43  250  38  71  77  29  337  277  213  50  358  281  35  241  300  64  151  305  234  341  117  105  181  128  296  70  112  155  212  319  96  286  58  101  327  302  293  51  123  276  121  225  115  362  70  74  7  165  139  197  95  249  136  272  93  241  287  107  9  177  129  159  210  249  244  118  347  71  137  272  303  118  212  159  197  61  321  151  81  13  285  261  149  140  53  50  192  238  60  151  193  76  120  90  204  87  72 
 79  181  31  355  180  79  363  197  212  273  241  74  56  250  102  78  11  356  18  64  31  236  51  187  235  48  101  191  175  201  345  359  38  296  34  295  142  115  5  66  8  332  241  104  121  363  113  22  164  281  317  167  180  105  219  57  273  112  86  85  137  346  252  345  91  290  247  242  327  155  203  13  141  95  207  201  97  120  204  33  76  264  329  168  72  201  12  218  169  260  182  319  82  38  332  337  248  282  180  190 
 72  15  79  91  332  341  228  66  96  6  210  122  26  121  16  151  316  119  22  73  20  156  223  21  204  185  7  61  9  209  352  173  267  306  269  321  220  307  297  295  168  111  21  71  304  123  76  294  54  320  107  37  52  171  281  343  235  66  27  27  245  308  42  316  354  324  364  164  254  288  360  181  336  148  56  294  20  248  290  66  35  255  339  150  272  197  212  286  64  127  254  64  40  224  232  248  163  49  85  274 
 119  320  93  338  352  284  362  242  26  251  135  49  291  224  224  225  218  15  28  296  91  123  86  139  210  45  81  73  13  43  190  326  169  44  230  318  282  245  182  170  83  190  234  218  106  45  200  101  255  116  353  98  214  276  69  172  331  318  47  324  173  345  191  222  37  118  332  327  79  327  153  92  140  312  230  131  259  1  305  341  53  63  62  284  360  325  320  302  246  347  6  199  55  190  163  293  251  79  297  115 
 351  321  228  272  243  306  53  302  256  54  39  111  60  222  202  330  21  135  131  154  199  222  5  253  46  4  108  128  298  306  135  148  288  341  237  358  164  100  172  21  22  248  130  253  160  310  354  364  59  29  218  25  337  24  18  86  150  210  123  59  54  59  206  314  75  294  179  61  227  22  118  6  237  106  21  248  242  213  183  98  238  117  322  328  291  211  153  124  184  125  308  171  224  352  76  181  99  165  237  291 
 22  327  15  39  198  307  191  14  130  174  358  48  119  80  181  38  323  278  228  214  57  224  26  139  302  358  34  80  256  32  154  5  148  75  17  343  157  77  185  337  332  334  274  286  53  144  234  341  359  57  157  135  150  135  175  255  290  95  135  79  71  167  166  83  11  127  195  129  100  144  21  103  332  9  250  10  73  313  217  338  223  15  76  195  320  352  86  344  300  296  70  160  13  141  189  355  113  15  161  248 
 76  312  232  199  253  333  159  136  338  67  52  145  318  186  181  103  91  40  338  249  265  172  219  103  339  202  208  11  38  28  226  98  255  42  165  201  57  67  351  128  207  337  86  66  207  283  304  112  40  40  201  23  91  18  239  206  33  196  15  290  186  89  113  94  341  225  35  259  297  250  102  43  328  93  335  227  215  274  304  72  340  114  271  229  274  251  304  264  216  35  137  317  314  191  303  217  181  294  136  163 
======================================================================================================
 38  191  176  95  67  330  178  298  191  313  184  27  135  311  95  128  53  185  241  104  345  260  306  349  352  199  193  111  91  180  155  319  351  111  1  333  146  107  339  33  195  35  304  181  287  224  260  349  30  177  221  204  348  133  198  346  225  96  358  5  180  163  27  259  223  236  46  19  252  356  205  274  173  132  221  219  10  169  199  166  140  210  75  219  289  210  273  112  122  330  163  261  139  88  162  169  233  345  271  43 
 36  96  356  25  98  6  174  180  168  260  97  351  264  36  170  157  127  253  153  247  127  61  208  291  204  131  292  314  108  129  138  299  188  64  73  189  195  254  111  330  85  308  340  267  209  135  180  171  301  158  364  270  318  237  114  111  25  196  244  189  23  23  161  84  330  206  39  99  161  144  264  30  303  181  318  173  134  209  137  100  208  238  168  122  209  205  67  169  189  131  68  317  165  287  271  41  281  203  36  340 
 309  279  352  338  299  245  250  326  352  327  124  171  62  144  222  301  125  235  241  166  166  44  261  125  26  194  94  187  317  69  5  190  245  252  342  145  331  82  166  184  112  333  42  355  288  66  225  260  101  139  331  158  20  333  249  291  342  216  52  214  64  124  112  267  183  41  200  58  74  208  87  243  133  75  216  163  281  194  299  179  338  159  263  289  364  355  258  67  10  295  360  248  37  320  166  146  175  31  101  172 
 272  245  290  331  120  90  253  3  166  279  275  283  294  121  266  251  229  105  342  174  35  28  121  244  348  27  231  92  153  36  5  120  107  92  210  164  12  197  190  69  110  10  171  241  44  151  306  298  134  162  246  314  265  33  161  196  242  98  234  329  64  234  41  321  125  103  343  13  234  357  273  47  74  212  17  119  285  10  344  155  132  263  80  51  238  133  110  76  270  286  20  27  101  12  269  14  148  251  237  352 
 215  183  88  22  30  123  153  335  236  354  316  213  136  160  356  160  111  171  323  231  178  27  241  37  284  170  154  151  199  123  219  146  277  346  351  361  274  237  144  236  3  64  205  260  350  206  299  36  229  202  247  46  175  52  43  244  148  127  332  156  56  92  288  336  337  75  37  246  355  125  350  60  131  240  208  124  309  201  251  321  52  30  153  342  98  76  320  291  333  312  77  265  354  35  208  117  155  213  169  299 
 302  1  299  62  136  258  261  52  223  162  165  138  89  316  49  33  129  223  127  29  256  274  344  301  134  324  38  243  39  159  39  197  103  187  73  100  57  121  19  71  206  83  7  257  282  103  143  172  142  353  120  65  259  167  329  362  323  354  44  215  184  20  84  27  19  305  322  44  273  346  24  183  331  154  247  146  300  296  294  55  242  219  241  202  190  137  323  150  364  91  323  308  103  290  113  265  247  20  182  271 
 318  118  48  280  52  340  261  231  288  283  297  358  294  64  55  170  269  159  277  204  52  240  154  40  330  161  180  33  315  240  30  67  334  281  75  149  263  53  102  222  253  125  248  150  275  231  275  76  220  343  295  317  4  321  6  17  213  316  84  185  31  26  310  130  72  213  284  307  347  104  171  94  270  289  276  213  353  124  353  216  321  222  102  223  24  118  338  212  169  321  58  276  151  165  95  58  165  272  26  359 
 52  2  256  56  42  3  3  245  330  181  193  253  351  332  86  16  116  127  139  174  16  137  92  11  223  262  108  306  212  311  181  12  8  87  116  254  21  87  278  160  264  294  112  305  94  226  222  298  132  268  291  47  320  260  72  51  173  305  5  222  236  114  125  180  135  107  159  194  58  39  264  36  93  142  180  304  292  235  196  219  238  150  99  222  179  123  14  352  155  131  123  185  47  290  270  159  344  77  22  87 
 342  312  89  139  80  338  1  177  49  30  342  364  11  157  110  355  214  243  20  62  127  77  37  190  149  334  310  9  223  130  159  89  230  312  302  319  252  34  58  109  152  203  121  246  184  65  285  300  168  78  336  59  249  264  124  342  191  66  118  103  283  97  239  4  98  133  329  219  296  73  219  182  297  275  335  280  99  318  80  31  254  358  24  105  281  337  306  354  60  65  361  44  3  276  189  167  355  193  297  311 
 278  44  167  91  38  99  329  192  1  93  84  32  36  28  120  113  158  24  338  223  336  9  299  218  351  93  230  231  191  233  42  102  354  161  280  57  204  244  25  75  138  219  93  306  319  217  309  34  300  153  189  277  282  18  42  164  191  153  281  239  61  230  22  79  214  320  52  365  23  287  219  77  307  330  202  219  26  275  66  214  187  113  148  210  312  273  353  312  80  355  177  318  245  309  135  97  68  338  253  263 
 177  115  62  183  241  143  158  245  95  100  262  3  303  146  295  34  157  351  349  167  314  294  350  109  236  14  91  49  275  292  71  244  112  224  90  82  63  76  265  165  173  364  107  117  168  81  58  36  56  121  33  233  166  118  39  107  31  225  235  261  321  204  185  30  175  284  251  225  124  153  190  269  138  286  34  340  99  356  58  81  207  360  7  10  132  18  343  175  71  60  277  151  87  197  85  307  206  347  199  57 
 187  79  54  100  265  229  286  237  154  201  22  119  306  176  175  106  248  170  61  338  161  69  300  274  110  6  242  158  34  329  59  343  169  146  150  204  11  16  329  328  250  302  78  36  281  364  363  48  335  45  19  211  316  44  31  60  109  37  335  81  71  302  175  128  241  38  25  329  180  255  178  62  20  73  317  343  11  283  301  210  326  356  192  336  232  209  37  46  162  335  137  331  169  161  229  342  293  277  203  256 
 76  103  358  268  211  133  76  17  245  298  60  177  320  363  195  335  317  312  85  163  141  1  127  106  30  98  267  208  216  120  358  10  210  236  129  217  161  134  238  295  313  299  218  121  3  1  238  68  248  258  148  320  343  354  364  88  73  83  3  300  279  284  127  147  2  68  181  257  119  318  140  146  319  137  292  78  345  286  340  155  180  119  48  339  17  155  179  350  199  162  28  232  134  290  14  315  304  168  313  151 
 359  260  63  238  133  149  176  46  276  155  5  28  223  221  282  355  360  46  161  160  113  115  196  72  107  278  198  93  188  27  122  67  31  244  142  62  305  318  214  180  34  334  179  101  4  237  15  202  307  141  205  84  93  303  291  35  18  361  164  287  26  297  147  199  115  186  115  251  149  249  275  335  212  365  181  6  149  191  284  359  81  273  215  151  36  50  53  262  287  67  241  306  272  10  188  111  255  100  249  255 
 291  337  3  81  173  100  212  208  210  95  348  65  84  322  165  311  46  133  30  322  215  61  325  1  353  91  266  364  77  296  173  109  212  102  261  258  203  194  292  65  322  41  341  265  243  276  250  241  25  246  323  273  361  311  141  145  187  28  219  222  219  203  348  116  246  266  282  245  112  134  32  353  47  23  1  88  183  16  42  353  82  218  161  349  275  173  334  74  351  114  116  188  178  213  355  246  36  181  27  70 
 105  8  311  48  215  209  37  337  218  286  275  326  303  217  117  7  330  20  361  175  132  121  34  260  261  322  186  364  352  81  73  50  295  175  304  131  118  216  317  152  242  109  361  287  250  315  38  355  5  49  129  78  64  262  292  92  334  324  169  176  263  159  135  158  300  299  77  183  270  296  322  316  174  125  364  262  6  153  347  100  258  267  261  222  168  54  313  352  138  104  254  4  241  82  236  218  30  299  352  187 
 148  61  68  100  128  193  147  82  222  150  158  343  170  213  263  240  111  186  133  149  43  9  122  189  238  66  136  181  199  288  172  224  36  218  16  22  309  355  76  104  63  248  220  344  232  223  73  338  187  106  184  32  85  226  109  215  55  219  327  137  10  251  136  268  49  18  348  337  271  80  351  209  353  214  118  315  265  233  230  225  196  74  58  328  177  249  42  129  162  338  178  44  36  168  246  63  329  264  332  325 
 89  144  64  341  247  25  307  285  333  139  321  313  243  27  297  310  52  259  346  209  49  156  209  288  92  231  36  194  253  217  337  249  166  227  359  52  190  355  223  152  308  237  67  98  166  350  253  3  26  41  325  4  331  57  59  135  104  65  257  327  273  56  283  99  34  247  31  317  233  220  137  195  235  307  140  277  151  195  52  262  30  187  191  24  187  48  203  296  354  218  267  93  212  152  13  267  165  330  323  341 
 258  202  176  213  75  238  144  208  342  264  96  17  186  98  254  221  6  288  108  105  350  101  259  66  189  67  115  112  228  138  340  290  296  281  171  218  262  21  348  213  182  210  296  184  24  99  208  38  111  241  134  264  336  30  299  278  193  196  290  278  350  114  214  103  206  316  321  121  161  194  214  322  27  145  121  364  334  354  338  365  298  123  235  204  350  78  181  279  99  219  356  345  285  263  338  216  178  253  125  242 
 267  190  310  196  302  48  196  13  13  245  252  111  202  232  216  281  94  110  104  27  149  198  255  233  130  120  340  189  228  57  328  89  121  63  292  241  22  360  349  69  289  22  273  172  119  23  80  56  362  273  344  135  59  303  146  232  41  267  326  349  153  104  210  139  321  109  270  262  136  115  299  291  286  365  352  188  86  181  101  300  171  123  296  14  46  271  231  23  35  297  31  228  304  197  76  73  259  225  71  28 
 43  274  68  342  341  204  183  133  163  49  259  365  200  28  146  134  120  40  301  358  254  147  250  25  261  146  191  8  314  73  49  292  27  212  128  221  306  109  126  176  57  248  127  9  100  109  96  352  198  120  104  77  220  66  343  325  158  57  164  7  136  82  170  258  142  137  169  76  125  298  40  269  317  286  318  230  294  3  35  159  302  226  175  149  11  311  215  88  271  365  260  42  291  337  278  244  275  321  158  90 
 142  191  26  183  316  274  365  168  197  174  34  112  135  191  195  148  65  199  192  207  329  117  233  43  361  300  88  59  309  44  16  102  42  248  173  11  356  168  345  307  198  37  203  76  186  242  3  291  347  174  265  213  18  108  92  46  46  77  364  28  6  297  134  50  67  252  25  26  204  211  42  292  65  181  271  108  30  271  323  280  335  318  150  194  303  252  213  62  364  316  179  278  77  355  141  139  137  232  328  264 
 277  360  22  124  12  306  361  342  346  295  315  62  195  40  171  237  94  337  91  38  190  7  96  117  59  291  321  363  158  19  132  203  361  176  245  350  19  175  17  226  301  273  308  318  221  54  42  339  308  148  101  276  191  216  341  65  303  293  209  133  56  357  176  356  257  263  231  153  350  282  259  53  121  19  261  117  365  63  302  34  354  29  69  119  283  240  155  318  29  74  186  173  265  85  173  304  134  144  48  279 
 326  72  237  19  113  295  128  146  226  191  185  307  185  95  115  10  99  65  162  38  225  194  258  131  116  349  192  109  264  256  287  218  118  249  196  104  137  354  317  177  225  306  323  123  250  252  136  357  270  350  78  17  61  193  9  304  337  144  308  351  99  3  318  218  71  83  145  48  267  310  59  293  311  174  79  344  80  313  108  130  162  327  166  327  339  100  117  154  167  342  346  76  14  298  272  103  123  268  75  144 
 84  321  237  362  226  66  64  79  251  207  111  288  72  156  227  244  85  201  301  216  29  145  80  302  201  343  207  18  44  41  276  296  247  223  103  347  220  355  16  54  51  275  83  364  236  100  135  90  181  182  286  71  293  203  249  320  37  347  89  155  127  230  279  273  141  360  300  336  37  122  40  234  357  202  34  254  290  145  113  256  144  173  128  67  120  345  24  293  86  322  226  216  154  186  78  40  4  297  126  293 
 178  221  130  98  28  227  342  270  287  88  352  301  113  69  260  206  49  322  31  290  183  55  343  63  267  283  360  192  212  201  1  277  338  238  134  91  56  253  322  185  339  68  6  342  365  34  178  223  297  275  360  148  161  279  199  82  119  129  251  282  297  108  15  15  126  282  184  250  146  150  172  205  358  107  288  343  198  364  133  116  246  204  126  152  312  279  298  195  293  155  284  166  253  16  19  22  234  315  116  23 
 123  140  85  198  244  95  353  226  189  349  357  39  208  253  40  347  100  332  140  45  169  5  337  338  94  69  184  271  56  300  81  358  347  185  186  109  173  238  214  71  162  145  21  290  2  357  324  304  267  226  211  11  263  309  215  172  246  106  178  34  135  79  151  54  22  192  196  110  238  137  98  46  166  185  296  288  166  349  184  77  269  65  44  115  274  161  333  267  195  23  270  14  333  73  13  224  344  316  279  103 
 191  148  252  56  91  308  207  201  356  154  285  151  200  59  29  127  145  171  293  139  156  234  326  184  266  239  220  98  71  249  157  44  363  274  119  223  95  89  238  113  12  77  215  26  234  52  26  115  116  122  107  19  271  31  2  275  211  228  243  208  317  72  142  2  120  250  157  357  36  339  197  2  219  85  52  172  175  226  258  365  146  16  57  187  268  46  115  354  267  350  268  198  306  89  68  299  70  79  92  244 
 83  326  84  189  180  276  195  67  183  83  109  290  147  107  274  35  299  65  89  30  346  85  161  5  151  39  141  286  336  295  197  36  334  195  327  39  354  347  198  334  134  58  294  358  316  295  52  135  54  217  248  314  251  331  352  36  84  208  52  133  15  132  93  357  147  197  276  45  203  246  242  229  166  320  10  87  94  353  161  28  152  62  172  84  210  269  254  346  128  91  6  148  26  158  206  316  126  364  84  356 
 57  180  152  330  225  15  25  155  143  229  154  107  332  326  72  322  45  158  58  267  239  57  28  192  191  258  25  356  181  291  115  121  137  362  318  204  58  259  10  216  23  84  137  319  303  350  67  28  248  211  67  321  165  183  72  285  75  264  100  77  233  92  84  211  44  105  169  186  40  283  348  94  351  57  78  42  308  6  277  273  245  285  114  205  129  286  235  195  267  310  123  181  283  354  107  192  161  305  7  320 
 256  242  16  337  300  115  306  250  328  244  282  302  15  33  176  165  145  35  331  225  113  183  17  107  205  365  26  135  225  163  23  133  43  100  33  311  304  364  264  296  101  90  130  302  361  241  341  250  154  251  279  264  279  228  15  160  361  72  278  328  181  216  128  316  183  62  69  29  102  358  291  250  331  290  339  248  336  238  143  46  248  289  222  19  300  148  111  61  115  314  304  348  36  334  245  120  70  7  249  252 
 167  315  193  60  339  122  174  294  243  147  173  305  263  253  11  76  231  95  324  154  94  223  330  47  160  18  323  316  82  107  130  125  299  246  109  247  181  135  16  170  348  306  130  301  185  11  232  122  203  15  328  154  154  190  326  270  231  228  83  48  29  75  331  8  140  263  364  152  305  234  188  120  42  46  260  14  286  142  45  192  65  193  264  160  362  182  146  9  81  210  307  337  249  329  226  30  137  247  323  276 
 207  45  226  116  23  214  312  216  260  32  223  168  218  51  190  315  237  332  126  220  288  241  209  17  232  330  122  184  56  346  253  339  89  106  68  248  181  318  66  96  264  101  77  109  349  332  344  184  286  168  311  67  281  93  8  161  269  294  234  153  122  94  361  349  68  227  245  119  135  127  298  88  241  84  310  304  78  262  43  52  330  120  145  193  206  145  305  193  261  79  120  321  81  184  283  301  190  125  332  151 
 223  285  203  34  49  340  129  322  62  273  324  120  122  201  67  238  318  21  90  309  80  343  31  320  161  309  129  334  182  162  50  67  32  86  8  9  56  319  278  340  277  84  103  158  53  232  287  104  102  249  315  324  31  158  164  224  313  26  152  244  21  340  89  11  298  88  29  132  364  54  333  13  204  147  94  350  124  167  15  211  38  360  266  86  299  178  5  12  261  63  154  193  228  120  106  311  159  72  187  104 
 122  270  95  349  212  267  246  29  104  138  64  24  176  355  220  338  125  68  317  208  18  79  70  37  66  158  99  227  337  15  345  302  217  40  350  206  110  146  191  163  148  231  75  317  263  87  186  16  364  26  111  68  124  157  279  220  209  118  48  81  201  58  365  38  217  2  64  176  339  8  153  90  38  351  205  56  316  181  192  223  291  223  278  234  150  202  184  186  22  224  6  194  41  196  265  297  149  195  247  358 
 343  222  117  180  350  173  363  307  208  132  307  250  330  320  15  2  214  158  168  187  52  348  292  276  139  68  96  353  178  172  237  45  312  296  188  214  54  293  252  208  60  147  10  266  146  180  267  159  32  322  356  245  221  290  308  3  303  290  279  322  12  306  282  60  98  137  313  41  52  168  247  325  1  150  222  81  97  303  340  69  257  280  193  313  304  137  363  55  218  234  205  153  226  259  199  69  45  320  88  326 
 233  178  164  270  21  343  303  193  233  160  71  331  244  133  314  155  138  365  317  317  257  275  215  173  26  105  318  6  91  251  121  106  267  116  317  49  278  36  266  5  111  273  263  43  306  348  115  46  274  192  128  1  186  121  16  260  209  80  315  122  45  77  204  275  137  337  105  52  33  213  145  144  162  5  295  9  29  245  166  114  182  45  134  51  162  141  115  208  19  57  342  40  335  124  120  230  13  66  346  28 
 332  350  203  137  231  180  208  187  340  219  332  123  185  104  321  163  349  247  52  175  292  214  47  79  278  69  192  75  237  184  224  353  206  76  120  179  35  333  315  156  185  48  180  90  202  26  63  269  273  309  18  131  122  322  245  128  103  27  83  7  292  267  166  95  263  183  108  87  66  49  182  33  232  203  200  257  49  229  127  302  81  313  362  134  194  233  298  58  137  262  254  145  54  92  72  283  166  89  286  155 
 49  42  252  29  104  332  204  59  182  339  34  36  76  231  110  319  365  82  335  234  87  271  221  102  45  138  182  336  217  131  147  291  29  34  277  84  74  27  5  107  360  288  254  126  341  357  304  260  253  221  273  290  235  141  193  88  312  360  215  54  113  302  315  327  97  11  28  337  300  49  182  243  207  41  112  311  83  270  143  242  287  152  27  189  173  173  239  301  129  142  61  239  349  168  362  63  209  113  97  221 
 150  351  23  247  239  148  164  264  360  79  150  70  290  98  180  271  179  234  289  26  349  173  190  128  58  350  15  131  94  244  240  199  178  28  298  259  62  192  284  173  330  298  310  161  351  118  181  303  135  296  211  118  365  25  340  22  60  64  87  25  343  145  359  317  167  270  292  215  312  251  39  311  155  357  142  172  311  42  289  86  358  336  356  107  278  215  110  358  154  243  204  248  314  286  122  298  194  110  30  84 
 298  262  239  342  352  117  301  272  93  221  327  139  333  322  364  125  233  329  19  146  155  171  289  155  137  291  128  104  318  291  43  214  128  205  207  165  134  23  275  318  103  185  345  295  90  300  252  19  215  170  89  232  296  53  300  286  257  14  248  207  361  296  128  296  1  14  249  135  234  248  179  216  275  313  280  212  217  200  132  4  296  259  359  95  251  23  65  27  336  340  245  147  150  201  27  254  314  306  192  267 
 330  297  82  7  298  302  81  337  135  97  26  321  250  240  19  202  87  341  302  119  76  58  121  83  211  79  199  124  47  289  219  264  222  162  166  48  296  288  281  43  119  206  129  248  346  297  287  75  202  218  77  145  128  133  192  258  360  217  117  30  344  132  320  12  2  101  237  185  147  232  104  238  115  231  73  129  48  106  85  104  265  21  201  122  177  32  154  180  224  326  323  244  149  146  207  149  315  160  60  114 
 345  130  54  222  123  269  107  207  92  68  192  158  68  282  141  359  34  350  69  97  201  315  179  252  340  59  47  185  157  129  153  199  41  304  206  115  295  342  179  275  271  80  188  123  111  67  134  316  91  52  349  357  334  45  102  94  279  201  197  353  236  339  112  191  277  340  51  89  32  25  200  156  229  221  248  156  79  188  110  103  45  11  4  145  3  286  227  335  299  228  292  274  228  348  319  226  18  294  255  54 
 96  353  40  263  357  69  86  307  339  289  163  248  264  64  88  317  258  98  271  308  269  130  257  262  127  280  83  95  304  168  135  168  63  341  341  73  209  299  201  227  236  50  20  97  323  182  309  120  47  159  202  93  65  231  306  172  234  60  259  56  94  215  332  346  249  170  138  330  310  359  277  71  136  113  60  318  197  263  103  214  192  333  287  34  145  188  316  155  146  205  116  286  235  225  100  216  82  80  47  242 
 30  252  243  20  275  176  238  26  68  21  167  305  163  256  120  348  19  268  6  54  13  146  137  55  225  11  160  271  204  93  66  230  299  216  320  268  55  104  187  198  239  59  69  159  48  10  308  93  92  168  316  344  74  297  162  278  168  346  177  188  300  177  26  36  208  134  68  5  2  32  151  248  37  114  330  336  62  157  224  247  321  106  124  247  280  199  180  316  277  340  336  158  286  153  132  200  264  128  80  138 
 149  197  179  166  91  318  213  99  149  46  241  300  52  190  359  319  6  35  121  346  93  18  94  117  145  44  134  343  277  153  114  260  349  126  140  199  325  349  353  164  32  215  33  58  141  232  168  14  45  50  94  167  356  76  301  167  204  163  53  105  239  41  240  104  305  116  195  250  231  144  2  53  99  152  259  66  56  28  122  86  319  68  361  297  222  259  313  352  53  184  259  159  217  7  251  339  60  236  267  102 
 327  332  201  299  173  152  319  311  182  85  26  343  224  183  305  230  42  22  301  165  106  143  194  46  324  146  261  190  211  164  330  101  58  209  117  350  212  351  217  100  194  260  108  37  176  90  38  80  224  22  361  335  336  56  95  109  58  27  297  245  30  200  58  103  166  177  31  223  363  215  331  220  89  303  117  179  317  333  286  116  181  39  88  326  188  9  259  231  284  201  353  255  48  185  34  332  45  266  46  51 
 13  305  167  91  207  138  326  98  49  351  166  27  289  276  65  304  56  324  30  133  203  147  162  302  357  336  114  152  292  199  340  92  222  132  139  104  244  225  80  305  207  275  165  112  295  203  153  280  286  1  168  119  243  326  164  237  94  348  89  198  245  291  55  99  32  101  140  47  192  197  80  331  224  256  112  356  360  37  69  70  274  357  192  92  306  319  365  303  305  43  64  238  352  237  290  239  178  272  46  172 
 266  137  15  306  119  247  141  338  11  130  53  80  212  1  204  122  288  324  25  25  325  114  199  27  258  186  246  280  310  307  295  165  197  126  303  81  35  248  304  321  100  83  161  354  1  113  237  6  330  210  354  111  95  41  179  267  256  81  45  327  331  234  12  30  75  239  267  259  222  272  267  247  116  132  23  78  84  330  69  19  66  105  365  64  13  112  234  364  290  190  336  191  362  209  335  340  188  280  60  37 
 22  39  188  276  319  88  144  103  180  194  222  294  147  353  118  266  142  247  58  299  134  256  190  312  61  4  163  17  224  327  117  249  231  221  237  329  337  173  21  69  292  335  126  290  213  106  39  137  249  13  14  24  27  213  173  210  240  50  26  47  18  281  343  287  73  127  197  85  19  139  355  17  363  81  31  186  236  13  333  34  288  188  236  59  311  253  54  321  176  10  211  350  36  228  115  241  105  229  260  160 
======================================================================================================

If 100 people are selected at random 50 times then probability of someone sharing birthday with someone is = 1.0


Probability that 2 people have same birthday by random experiments for following number of people: 

No. of people                Probability
   3                          0.012
   9                          0.103999995
   14                         0.25
   18                         0.322
   23                         0.516
   35                         0.83199996
   47                         0.95
   55                         0.984
   70                         1.0
   82                         1.0
   100                        1.0

Enter any key and press enter key to see the comparison

e
No. of people                Probability by formula               Probability by Random Experiments
   3                          0.008204162                         0.012
   9                          0.094623804                         0.103999995
   14                         0.22310251                          0.25
   18                         0.34691143                          0.322
   23                         0.5072972                           0.516
   35                         0.8143832                           0.83199996
   47                         0.9547744                           0.95
   55                         0.98626226                          0.984
   70                         0.9991596                           1.0
   82                         0.99994797                          1.0
   100                        0.9999997                           1.0

Enter any key and press enter key to view graphs

